id,EAP,HPL,MWS
id02310,0.09491139080314721,0.03587881360693662,0.8692097955899172
id24541,0.8756086022483336,0.06401073842952301,0.06038065932214649
id00134,0.5027904803399175,0.4716659403985743,0.02554357926150491
id27757,0.73658271878116,0.2624969288563307,0.0009203523625110229
id04081,0.8202428774268592,0.11262256822337202,0.06713455434977017
id27337,0.5545265812865514,0.4323135114793021,0.013159907234144896
id24265,0.44104085197678883,0.45672396493164624,0.10223518309156407
id25917,0.0865396459650801,0.07429320947493182,0.8391671445599896
id04951,0.9797777607176476,0.019786135762147744,0.0004361035202051888
id14549,0.5385314745441728,0.22588360217289272,0.23558492328293465
id22505,0.11506380841726185,0.087348394339429,0.7975877972433124
id24002,1.5928081521246794e-06,0.9999967312912535,1.675900597681882e-06
id18982,0.27738556974348805,0.6376749686916329,0.08493946156487894
id15181,0.00949818965567767,0.9889401447168349,0.001561665627484867
id21888,0.7853858003626786,0.09752401513577676,0.117090184501545
id12035,0.007721746182865203,0.004092158314078534,0.9881860955030577
id17991,0.15586099819257726,0.0980630748455627,0.7460759269618588
id10707,0.9967477454735182,0.0012891590175882507,0.0019630955088903073
id07101,0.12498067430911505,0.22262795449668937,0.6523913711941968
id00345,0.7245368809035195,0.25865042028905133,0.01681269880743105
id05912,0.850588728837676,0.10789813071163158,0.04151314045069309
id13443,0.9837017017206465,0.010497396244780074,0.005800902034572237
id09248,0.05795157594837374,0.04890250174412163,0.8931459223075064
id17542,0.008935243549919389,0.9867816030743558,0.004283153375724766
id06995,0.07539235208833019,0.013283718134010929,0.911323929777662
id25159,0.7937865948882737,0.009763011819139503,0.19645039329258734
id25729,0.8699700948282353,0.10413472230169823,0.025895182870065026
id26949,0.8532548536144553,0.06027230935958257,0.086472837025962
id27191,0.7418577699012213,0.026695865502863726,0.23144636459591383
id07668,0.20844752039884057,0.008610545569064477,0.782941934032094
id02230,0.18820371299574137,0.2702319964065838,0.541564290597675
id15553,0.9556027499853357,0.024376014861099658,0.020021235153564524
id25688,0.009956022397201657,0.9755723633984144,0.01447161420438505
id17545,0.9816905097382689,0.005288238206664679,0.013021252055065434
id13929,0.11705756330623351,0.18232888511755452,0.7006135515762113
id12880,0.6747842428304005,0.10042323428828048,0.22479252288131876
id19282,0.5981536167858951,0.141966266993534,0.2598801162205694
id14690,0.04420537643771001,0.0033336671550300966,0.9524609564072608
id17975,0.17146505346756316,0.8082663039628066,0.020268642569632803
id08037,0.5879795162286804,0.010965494912165853,0.4010549888591566
id15412,0.07722576288143794,0.04563465076689327,0.8771395863516688
id25032,0.4818266930878346,0.2353793197363432,0.28279398717582177
id27165,0.9973745546610345,0.00149397368429166,0.0011314716546736983
id03327,0.6447498624960409,0.256723643078071,0.09852649442588769
id18515,0.6525077679239918,0.06525165500528822,0.282240577070723
id21003,0.19835150332558357,0.08375006662490327,0.7178984300495138
id23855,0.010518110734487586,0.8913512749536892,0.09813061431182439
id20724,0.5764626418363668,0.2435046441323199,0.18003271403131355
id13303,0.7159957563397792,0.045526144488744924,0.2384780991714769
id16521,0.016414995887426266,0.23912486495702065,0.7444601391555522
id20775,0.9656015869992731,0.025440924113898655,0.008957488886829857
id13029,0.968447198295087,0.012216533613735366,0.019336268091177777
id14660,0.6832956857149842,0.2726324685192741,0.044071845765743155
id11028,0.004831451917491265,0.0009504243536466307,0.9942181237288615
id14180,0.7898937492930146,0.20230666517854132,0.007799585528445899
id25860,0.9970782886351729,0.0019441604033057908,0.0009775509615208152
id11910,0.49393072814479416,0.2612678321892302,0.24480143966597676
id08065,0.3340774805201653,0.17002594151139552,0.4958965779684382
id22674,0.11687130824756738,0.008103566311012413,0.8750251254414235
id25018,0.1886314893611941,0.03383750774043428,0.7775310028983717
id10892,0.10884264849687139,0.8238515430625377,0.06730580844059417
id10217,0.32871958010167557,0.6059876270961979,0.06529279280212459
id12996,0.5397197529585587,0.20286908957988867,0.2574111574615529
id18262,0.4050790158669442,0.30832218616103624,0.2865987979720191
id08606,0.005314976507693834,0.9904401803046264,0.004244843187680217
id17233,0.9583285874619218,0.02196488880383556,0.019706523734242833
id00101,0.7540324251930345,0.1619325505043158,0.08403502430265036
id12225,0.8894585625679691,0.10700969713642705,0.00353174029560443
id01364,0.06863731860173314,0.9181991080514126,0.013163573346855478
id24973,0.4903762730361058,0.03746620611356802,0.472157520850327
id25363,0.7508362800490066,0.00710415253346859,0.24205956741752174
id10061,0.6790001238922241,0.018516997814475317,0.3024828782933017
id17673,0.03299965792090844,0.953817208127299,0.013183133951791035
id13249,0.6947703813227938,0.017348822591504085,0.2878807960857024
id10107,0.07926797759661888,0.012198800255563705,0.9085332221478164
id04403,0.972243648244351,0.009451374123276278,0.018304977632369733
id25728,0.8029106059896503,0.04344268425552403,0.15364670975482528
id16184,0.5891285510138236,0.1870886392392095,0.22378280974696785
id03438,0.0025960853823090613,0.0002469448322310972,0.99715696978546
id22923,0.012533107798711723,0.9855350421237099,0.0019318500775784917
id08610,0.9446162607952905,0.03362852842783031,0.02175521077687774
id25355,0.14212492750816144,0.10318616248816942,0.7546889100036679
id16916,0.48472743309913,0.4721324932967714,0.04314007360409752
id12793,0.03609130791766476,0.9401592816139288,0.02374941046840932
id11859,0.7959965398412949,0.034822697564220274,0.1691807625944832
id02434,0.9977494816503297,0.0015338660641845343,0.0007166522854821046
id27703,0.03549316989144715,0.0026126529243883346,0.9618941771841658
id25212,0.08647554632504276,0.9025334205527824,0.010991033122173177
id11308,0.04919704613812391,0.36976244002232994,0.5810405138395465
id26094,0.9071969014306064,0.05616579331427696,0.03663730525511713
id22080,0.6557514195169188,0.33244456840654274,0.011804012076538499
id03545,0.9937142819733801,0.00528612398535331,0.0009995940412666545
id23725,0.0433221195699856,0.05738448503456458,0.8992933953954533
id12009,0.6811645342504309,0.2340478339585772,0.08478763179099327
id24241,0.4324336182649142,0.11403531290710354,0.4535310688279827
id03596,0.013501279960212846,0.9741809114666111,0.012317808573172969
id10749,0.20611854770180202,0.6883309116600038,0.10555054063819452
id22794,0.012299807806723321,0.008476796140687007,0.9792233960525931
id15482,0.3670630482794435,0.14037123487665518,0.4925657168438977
id04833,0.7154651811975873,0.2146725013814965,0.06986231742091639
id00397,0.018375555526093098,0.0012323761036849756,0.9803920683702242
id14691,0.034695418979866756,0.006788373256755308,0.958516207763376
id05193,0.2032175155053358,0.10347815611514852,0.6933043283795153
id19541,0.7702991661855975,0.013937667777496355,0.21576316603690354
id22166,0.0031711909485757084,0.010705403030745827,0.9861234060206769
id20744,2.8378415560899736e-05,4.134925283129511e-06,0.9999674866591564
id10392,0.018664358111927952,0.004399117545546501,0.9769365243425262
id00770,0.9409673974602255,0.03469190054701583,0.024340701992756484
id06018,0.507857463151892,0.454702867272762,0.03743966957534683
id15678,0.5218676865529386,0.003488894112549864,0.4746434193345107
id08305,0.9475897290732606,0.037597617145849554,0.014812653780888451
id08903,0.17881376454885653,0.08586356542279601,0.7353226700283493
id14752,0.5750550687264605,0.3819113634226821,0.043033567850855575
id12468,0.05562735085679753,0.9348926769453753,0.009479972197830203
id05085,0.23321923565394703,0.7402248981607419,0.02655586618531097
id21993,0.07433684227957739,0.014356510896905494,0.9113066468235176
id15503,0.7827681088003118,0.19348479519358355,0.02374709600610611
id03021,0.00012460778406852898,0.9993745609101112,0.0005008313058209681
id16123,0.9821650488606842,0.010991592472192729,0.006843358667120339
id19383,0.8781871803033997,0.1085642472721854,0.0132485724244118
id04186,0.9975103914325703,0.0011514302790681784,0.0013381782883600429
id17954,0.028866871473900574,0.019843403340375872,0.9512897251857247
id12030,0.190021534953225,0.023230963361450797,0.7867475016853236
id13020,0.7191162306575879,0.256894722818953,0.023989046523459505
id25327,0.021258078308949897,0.8470945840835836,0.13164733760746308
id16344,0.3749904212142486,0.10764910843556266,0.5173604703501885
id12303,0.12855201841285877,0.8284013069623897,0.04304667462475174
id15017,0.9321473173695277,0.06260197530799544,0.005250707322478268
id22308,0.7682789276916535,0.09832463533161902,0.13339643697672743
id06536,0.010201812824907194,0.00904252482551337,0.9807556623495761
id19797,0.09695964084982137,0.8946949559212909,0.00834540322888772
id06332,0.4552882335046425,0.49503638398194477,0.049675382513414815
id22941,0.31634944702548684,0.21642073810542187,0.46722981486909265
id13547,0.03588683402171239,0.05013207035070283,0.9139810956275833
id06928,0.032236327392942854,0.00264434931646134,0.965119323290596
id12521,0.7492421789740632,0.2255946261982407,0.025163194827693535
id25716,0.5472281138293187,0.06941287212364951,0.3833590140470323
id27116,1.0351103486218701e-07,5.730461825452005e-08,0.9999998391843463
id19941,0.013942673318443897,0.88084177925151,0.10521554743004634
id05711,0.0008847103465933966,0.0030072698060804918,0.9961080198473264
id02097,0.006069573482563609,0.04259554901164214,0.9513348775057938
id03563,0.013287625041450759,0.9799963376439427,0.006716037314608456
id02295,0.3253924409634825,0.3967009123691262,0.2779066466673908
id08179,0.9995359499281641,0.0001783061257023659,0.0002857439461382157
id05332,0.007370194234483905,0.9721908800012323,0.02043892576428268
id15697,0.46141059038535676,0.03412812035996904,0.504461289254674
id17026,0.058772420943501186,0.017926324239354197,0.9233012548171462
id04243,0.84638866571479,0.1354027691863892,0.0182085650988217
id13175,0.9995455461491068,0.0004381989690118598,1.6254881883201207e-05
id05387,0.8991363038715297,0.04737810557963848,0.05348559054883352
id19989,0.7431488618380793,0.12123260967565555,0.13561852848626446
id25173,0.7649789343395715,0.0830926805455007,0.15192838511492668
id08925,0.009052779585473422,0.98982061167328,0.0011266087412430466
id03034,0.03575568686215985,0.7245987974757448,0.2396455156620941
id13272,0.02101113040684426,0.9709827065636832,0.008006163029475103
id07956,0.9325976104510131,0.04035139587709254,0.02705099367189544
id02648,0.037186959021870435,0.009076586707630063,0.9537364542705007
id01778,0.2661917473874498,0.009657620956380645,0.7241506316561711
id12846,0.002560605555377141,0.0014644654136020518,0.9959749290310236
id19001,0.2103556161288549,0.16583957131093777,0.6238048125602094
id05763,0.9631119002892393,0.011101090718926364,0.025787008991835142
id15590,0.016420539566374025,0.005202717453686051,0.9783767429799403
id04912,0.49966068119887175,0.1937221627217333,0.30661715607939505
id21201,0.91858262966971,0.03311572273492737,0.0483016475953621
id13215,0.9882129924399625,0.006441554244553411,0.005345453315485077
id15612,0.06210895158524684,0.8343215361054146,0.10356951230933877
id18501,0.01943732079891783,0.029489080811425143,0.9510735983896565
id07223,0.18442999281281847,0.6835109732457952,0.13205903394138505
id06707,0.8122936016802176,0.09934777162044664,0.08835862669933515
id05238,0.0034548435157464126,0.9934398101000015,0.0031053463842544977
id00935,0.050902460251080334,0.19144026495199318,0.7576572747969231
id00110,0.884139412104196,0.035719960208513,0.0801406276872893
id17476,0.9442470529350422,0.0354173420988799,0.02033560496607816
id15170,0.9742229388602571,0.02091059676018509,0.004866464379554426
id13397,0.4071689259243368,0.2423164349004744,0.35051463917518716
id24283,0.7015999555969434,0.061939699088444426,0.23646034531461496
id15234,0.9077249906083694,0.08683560275162291,0.005439406640008142
id16884,0.516344185565439,0.12735840382764568,0.35629741060691367
id07831,0.31767765932356423,0.6085319512049601,0.07379038947147683
id16038,0.8503142298647511,0.1281340428197393,0.021551727315508633
id03629,0.7007150674088923,0.0559223822043556,0.24336255038675156
id21019,0.6079853523244803,0.12375387634638155,0.2682607713291377
id21835,0.43973154779671625,0.1723107701762783,0.38795768202700537
id04480,0.128896355851339,0.8693062850388308,0.0017973591098308088
id20838,0.808229831355974,0.11501078872592085,0.07675937991810643
id24195,0.7189574017361197,0.1267989940255309,0.15424360423835032
id05448,0.8104610460921241,0.11942048521349888,0.0701184686943804
id15957,0.10621624596357683,0.8836158759161844,0.010167878120239775
id19956,0.0070181398603964456,0.0006963112361271953,0.9922855489034763
id15104,0.27625634407072863,0.31014069138256084,0.4136029645467121
id17559,0.7349099287713389,0.17879074465151426,0.08629932657714577
id16839,0.31467816835238305,0.2433464622326873,0.4419753694149294
id14493,0.5451947629253951,0.186269149221034,0.2685360878535716
id08833,0.6755390390132682,0.015764045276267312,0.30869691571046387
id15723,0.18579753851161812,0.23739517508584337,0.576807286402538
id02716,0.3703941932473236,0.5096173693714814,0.11998843738119819
id06689,0.06828163681375311,0.8954436486107957,0.03627471457545254
id18837,0.5703955831696828,0.1705552641356922,0.25904915269462475
id04466,0.9583091730650539,0.020403139236944152,0.021287687698000945
id00686,0.6955747286749618,0.020455554841482055,0.28396971648355657
id09010,0.23155113441025546,0.7452561246993208,0.023192740890425313
id23353,0.5134422358372053,0.21228604085233385,0.2742717233104591
id00066,0.7766390754557141,0.20975304111397372,0.013607883430311364
id15724,0.17404487254172485,0.7003763366064142,0.1255787908518598
id23486,0.013865134817973192,0.0056695931587269904,0.9804652720232996
id22258,0.1660199238115167,0.09317420064681366,0.7408058755416707
id02292,0.7258871214957998,0.1022457653332907,0.17186711317090872
id16356,0.34014121626043486,0.01138634380048942,0.6484724399390767
id00235,0.9419626935518349,0.00819452229749038,0.04984278415067532
id25522,0.054340038752151834,0.008188320762855573,0.9374716404849953
id04204,0.0638345109967062,0.8589208318075878,0.07724465719570486
id22016,0.6294977930485008,0.11682652645489912,0.25367568049659994
id06480,0.1217010290158051,0.8064771303495072,0.07182184063468533
id08718,0.158880052213009,0.041231974034675656,0.7998879737523161
id05251,0.005477839412528283,0.9908792639790426,0.003642896608429029
id03359,0.8805827275095989,0.06278872665906375,0.05662854583133817
id16117,0.02393390139849539,0.0023236470096268335,0.9737424515918782
id17000,0.05875415044849162,0.9377238050590925,0.003522044492416482
id01730,0.011655814693421866,0.98333807871834,0.005006106588236216
id00630,0.503786832858495,0.38819104805692545,0.10802211908457843
id18175,0.173345490225894,0.006414567963996095,0.8202399418101114
id00907,0.8586551433320397,0.07017767339878721,0.07116718326917383
id18251,0.03801261008377535,0.9583734649287856,0.0036139249874372263
id25861,0.640208100790624,0.05212100215509342,0.3076708970542824
id00398,0.6112551090866178,0.15093415883932246,0.23781073207405837
id27573,0.992816008180741,0.0013092093857722078,0.005874782433485692
id10022,0.03407932693240281,0.9336940455227875,0.03222662754480651
id15901,0.1462247725257921,0.007724897702940544,0.8460503297712694
id00451,0.12962149087687577,0.02825691796092984,0.842121591162193
id23129,0.024960127546862727,0.9605853092453345,0.01445456320780251
id26498,0.07665282791130736,0.8176878413134764,0.10565933077521557
id14741,0.6745329664550412,0.22197886771690814,0.10348816582805016
id18453,0.46483732778658404,0.3008768238186707,0.23428584839474556
id08309,0.9582949241680374,0.024920133626739,0.016784942205222256
id00320,0.9995638851327208,0.0001901244622827997,0.0002459904049930742
id07688,0.3081671503381275,0.0280521566223023,0.6637806930395692
id01556,0.03376781497406195,0.0020689496509188545,0.964163235375018
id00178,0.8451236994123498,0.0886014952044513,0.06627480538320193
id18902,0.04214507893950235,0.024323793203385256,0.9335311278571107
id27002,0.576895006529707,0.3833856986755216,0.039719294794772396
id21418,0.9978122178714276,0.0019156973289656055,0.0002720847996100435
id23018,0.45720442725448895,0.08806153603716875,0.4547340367083424
id07032,0.2718336185946909,0.17151952320067818,0.5566468582046318
id16195,0.9834046620673751,0.0038245969297566558,0.012770741002867554
id11202,0.04285108513236858,0.9251703464814671,0.03197856838616442
id09578,0.5116651989045733,0.15135361508446696,0.33698118601096
id26984,0.7318571170759238,0.03382371318440955,0.23431916973966715
id19856,0.11064982856078608,0.7537020751249894,0.1356480963142212
id12086,0.5912434061590165,0.13620793938854794,0.27254865445243615
id12052,0.03621879325359089,0.04110853473852526,0.9226726720078838
id17728,6.309985555147145e-06,0.00010147859366392953,0.9998922114207816
id24608,0.7220372462309494,0.057437527336123645,0.2205252264329281
id21097,0.20152495676114654,0.03789444606545508,0.7605805971733973
id20179,0.006106324145634072,9.23203971645256e-05,0.9938013554572009
id15144,0.12717054884259632,0.5900852973012749,0.28274415385612967
id00206,0.5504350284683978,0.27975896790380506,0.16980600362779738
id22285,0.003947937739183744,0.001777388206402028,0.9942746740544143
id06417,0.14663600550900094,0.47822304301617935,0.37514095147482024
id00215,0.07499111661383939,0.9107703011231735,0.014238582262985945
id04201,0.35775072645744915,0.04088611469126098,0.6013631588512904
id21771,0.9837332190682104,0.010053478376169293,0.006213302555618503
id12451,0.16334268500583568,0.21436057172186457,0.6222967432723009
id14250,0.039162341833613536,0.911215454481074,0.04962220368531188
id03433,0.016048186259560768,0.9791999271930034,0.004751886547438415
id03303,0.17408478246611908,0.021778520872108378,0.804136696661773
id25901,0.16398031587372278,0.7192478220512283,0.11677186207504997
id06945,0.5581619221360001,0.03080681069728856,0.4110312671667084
id05664,0.3191801218635458,0.4448490992464897,0.23597077888996382
id05741,0.9779407372487061,0.004285518432722914,0.017773744318569717
id10652,0.526871254889438,0.25521593460846,0.21791281050210135
id16300,0.9645994572739325,0.013278079741396265,0.02212246298467242
id12319,0.4218980235053218,0.3160790379235619,0.2620229385711156
id07500,0.03958224447707079,0.9570705859718162,0.003347169551114771
id12478,0.34186714573089505,0.6074990956934508,0.05063375857565429
id03076,0.14394853200420527,0.02047121950129789,0.8355802484944964
id00969,0.31561775386829427,0.4769032537632595,0.20747899236844758
id23636,0.01130693929191774,0.9829354613026136,0.00575759940546922
id09791,0.28363975632080957,0.15377011369859273,0.5625901299805981
id05680,0.1255853190259297,0.10161823492306926,0.7727964460510008
id03672,0.43794272207678425,0.5306854695914347,0.03137180833178273
id04286,0.04616022198245687,0.9024826569939097,0.051357121023630284
id23883,0.0067311766022773445,0.7118689729434822,0.2813998504542388
id11914,0.5490184596586177,0.053204742020445665,0.39777679832093743
id20974,0.08071356162511809,0.8804621050634354,0.038824333311444525
id26125,0.004217310254952077,0.01172943487603455,0.9840532548690127
id15543,0.389325280974718,0.06360117705361126,0.547073541971672
id19471,0.9987656434702534,0.0007631787658803571,0.00047117776386851047
id11503,0.4646035280856444,0.15257243887516986,0.3828240330391844
id09321,0.017244858943460853,0.9575639761949355,0.02519116486160497
id25560,0.00015965590822960904,0.0002275837109587241,0.9996127603808088
id06726,0.5862606747138162,0.15053612308789435,0.2632032021982879
id05709,0.922264841505994,0.011731290493732336,0.06600386800027278
id09788,0.17527697186069272,0.4581792286210666,0.36654379951824223
id05289,0.9986050115143046,0.0012423975995677302,0.00015259088612622058
id11815,0.023691488082178858,0.9452558376902116,0.031052674227610703
id22422,0.8918011906040818,0.09281799902975729,0.015380810366162604
id25954,0.2746494386019155,0.02368500271876038,0.7016655586793256
id13601,0.39068414416555836,0.5162623279028278,0.09305352793161474
id05677,0.7957911102455956,0.007891510181318052,0.19631737957308804
id10498,0.036950084766185734,0.959474842859621,0.003575072374193341
id02665,0.28010078821866485,0.4302149867468556,0.2896842250344808
id10114,0.08861728503989942,0.7623314193237142,0.14905129563638755
id26314,0.8274068788119144,0.1361255019414707,0.03646761924661317
id21240,0.41325430601485347,0.3460188073824093,0.24072688660273692
id15569,0.5794492017900827,0.39196698612409175,0.028583812085828813
id25928,0.4671736325389615,0.11059239617414178,0.4222339712868957
id22706,0.11042912539029252,0.8833057850628292,0.006265089546881665
id20877,0.05990258229541667,0.8131678126076254,0.1269296050969614
id04318,0.7872599909970517,0.02801200554361309,0.18472800345933502
id18299,0.02304420132723003,0.9702247318937075,0.006731066779062159
id08126,0.31171755421074016,0.005354789396959055,0.6829276563923019
id14293,0.35852268272142834,0.008962338926507125,0.6325149783520667
id12759,0.9762207616202362,0.010935442400994772,0.012843795978769338
id11983,0.8119956207995263,0.034682843594393394,0.1533215356060808
id05580,0.07641743999037752,0.6007848829824743,0.32279767702714735
id25846,0.28273509375655986,0.19732205267748276,0.519942853565958
id01939,0.1413780608914042,0.0609368991449415,0.7976850399636549
id26327,0.14822159738227197,0.4791165227136641,0.3726618799040623
id11068,0.03610917869412818,0.018157967811016876,0.9457328534948523
id08404,0.9627019880718745,0.01332463991628796,0.023973372011836896
id27189,0.34263731182398877,0.6404461868940472,0.016916501281961715
id15119,0.1903452388321334,0.7108587319450055,0.09879602922285811
id26525,0.9019210845611808,0.05043519565343301,0.047643719785387555
id03618,0.9089667144359564,0.04290513616688094,0.04812814939716209
id27220,0.9960792188409748,0.0019060663026554013,0.0020147148563704627
id18777,0.23610771081243537,0.0815447896255317,0.6823474995620326
id20213,0.8545521997579469,0.062860740493748,0.0825870597483047
id20403,0.8426855865078671,0.10843942147464686,0.048874992017485
id03777,0.10081809260524456,0.10251510078690043,0.7966668066078528
id10595,0.0258900926769725,0.9608022637687055,0.013307643554321324
id13816,0.30676476942634584,0.009750786406803678,0.6834844441668522
id05667,0.013964825751490086,0.3310501517941638,0.6549850224543459
id24629,0.720347293868972,0.0362968627161247,0.24335584341490166
id20398,0.2995587300387976,0.20596795509540547,0.49447331486579865
id14108,0.12414817761027622,0.05550717973353267,0.8203446426561882
id06196,2.3473081475590415e-05,0.9999333224046255,4.3204513902141234e-05
id02800,0.11049771295453818,0.8612824967391005,0.028219790306359297
id18732,0.05067898416035872,0.9367776450983331,0.01254337074130685
id11915,0.2456378129914372,0.613182096014403,0.14118009099415768
id09739,0.5602840298635122,0.21030218224495353,0.2294137878915348
id24672,0.7639271779484107,0.21542159317860862,0.02065122887297833
id00414,0.04091920276320458,0.08350949890381151,0.8755712983329867
id16307,0.9828478302062624,0.007594377832247465,0.009557791961490904
id14043,0.04997283450869787,0.036400548945695645,0.9136266165456064
id00517,5.663327362168574e-05,5.613445463606414e-05,0.9998872322717437
id09744,0.9970747595935138,0.0025971021841959753,0.00032813822228921206
id19257,0.7745639556439444,0.09541259168130097,0.1300234526747548
id15437,0.21040771707905062,0.7248142990685092,0.06477798385243964
id16352,0.021659851060056964,0.019911939969047908,0.9584282089708956
id18849,0.5178700741831068,0.17070458239772796,0.3114253434191657
id19434,0.0011111072835890557,0.9982633420033452,0.0006255507130651226
id17928,0.5310757522388877,0.02274281872917206,0.44618142903193886
id16896,0.04862290265646109,0.0032542380373057427,0.9481228593062324
id02135,0.6528117190029573,0.162488799652267,0.18469948134477474
id15075,0.9679903568142452,0.022032231853332425,0.009977411332421113
id27486,0.009119948755358778,0.9886219921103369,0.002258059134307033
id19422,0.8149935857781954,0.1707864549808674,0.014219959240936593
id09603,0.13595798203086312,0.832661107619072,0.03138091035006594
id02133,0.044093702034745906,0.9080136686773369,0.04789262928791888
id03441,0.618665206984528,0.038731780843795534,0.34260301217167843
id02398,0.008335551270058214,0.9897917407010061,0.001872708028933838
id05152,0.04499921567289406,0.00393715069985639,0.9510636336272495
id17838,0.12876868850871487,0.011680129192351988,0.8595511822989335
id25060,0.9911009004892563,0.0058763373383622025,0.0030227621723828823
id09998,0.025358167102082343,0.05284036215505057,0.9218014707428673
id01828,0.34755161959864533,0.613151376162991,0.03929700423836196
id25377,0.09845152936998376,0.0573216334891564,0.8442268371408588
id22175,0.04681236578755161,0.9353737783898541,0.017813855822594447
id02974,0.0494825344446066,0.014864286713117158,0.935653178842279
id26955,0.997289503354108,0.0022057016542183345,0.0005047949916744678
id21091,0.8944295433467992,0.09939140287137757,0.0061790537818238655
id12802,0.7495588110362286,0.17806664947162956,0.07237453949214301
id07432,0.0024599849192705006,0.9948795828328441,0.0026604322478835465
id18749,0.400292451121221,0.3096159292108172,0.2900916196679629
id15030,0.13925685604615304,0.06247358187344356,0.7982695620804051
id17155,0.005493009007397192,0.9856960076053307,0.00881098338726884
id08128,0.014789074022425606,0.9049220297553541,0.0802888962222219
id25706,0.015687453773813583,0.917739715910936,0.06657283031524815
id15645,0.32065032164151275,0.45019000749166616,0.22915967086681968
id04943,0.5527857961157,0.210773614716842,0.23644058916745694
id27566,0.0110464604583827,0.00917577385622924,0.9797777656853884
id11765,0.49456683051480843,0.18264633046691725,0.3227868390182723
id13783,0.22680899810703914,0.6494263302646575,0.12376467162830386
id00492,0.1156775835689133,0.02212258672311065,0.8621998297079777
id27636,0.14147363130179613,0.010884295430886284,0.8476420732673188
id04273,0.9491831431931095,0.01973626115503922,0.03108059565185314
id02537,0.2703140088957269,0.260034139248333,0.4696518518559392
id24349,0.8950781146694969,0.09068910430793338,0.014232781022568098
id00023,0.0016808916995465996,0.9910092336625167,0.0073098746379345984
id23025,0.1903093776396167,0.7831606111082795,0.026530011252104305
id08722,0.8330275995280931,0.08451493360420007,0.08245746686770714
id02420,0.9940453362680074,0.004680865042342914,0.0012737986896493355
id10811,0.9311213670370482,0.041935916180026636,0.026942716782924724
id04019,0.023987148113420845,0.005817222104563707,0.9701956297820171
id18334,0.9282894288817475,0.06433811871826572,0.007372452399988233
id16781,0.49546826740430205,0.48133333961832653,0.02319839297737109
id08773,0.15994701404358466,0.8335070126413279,0.006545973315087307
id19214,0.2989443547187751,0.6384061959455519,0.06264944933567478
id09589,0.0009005844833040722,0.9921274731248612,0.0069719423918341685
id24246,0.7802557533117455,0.11255460521284233,0.10718964147541576
id23577,0.2434367293372228,0.7464376750433885,0.010125595619389412
id09305,0.7602362271699612,0.09430843163342711,0.14545534119661033
id16460,0.2093598272519644,0.03355346652895693,0.7570867062190796
id21115,0.5642700672093015,0.14050397987182908,0.29522595291886805
id25996,0.567651243523163,0.13078258783870533,0.3015661686381334
id02551,0.007528777842361939,0.013737932349919617,0.9787332898077176
id19352,0.03676270362411707,0.00039095251011861344,0.9628463438657641
id03806,0.4631059039200577,0.035742945790226834,0.5011511502897174
id26544,0.8845786150062809,0.08169239268244853,0.03372899231127222
id18761,0.5037221145397358,0.1796368309889013,0.3166410544713622
id24148,0.7344236144986624,0.2583205254534338,0.007255860047904093
id16095,0.061365469376239754,0.9236828590670384,0.0149516715567212
id18442,0.5861255549425777,0.14456575956930967,0.2693086854881154
id22596,1.1304410035425693e-07,7.460875232874205e-07,0.999999140868375
id23002,0.037319576258150286,0.014804095353284613,0.947876328388566
id04797,0.9896575158311623,0.0030482039789490535,0.007294280189888704
id06610,0.31329431041283484,0.046689818978131646,0.640015870609034
id16173,0.2631327966245973,0.7006753951470399,0.036191808228362224
id18292,0.2734713700928525,0.029486823261648892,0.6970418066454954
id27328,0.912884086743486,0.020469177115943534,0.06664673614056889
id01695,0.14806223314200673,0.843184480182102,0.008753286675892997
id05761,0.3701643515812906,0.03366253273633632,0.596173115682372
id16354,0.9249309721335952,0.0505668292538914,0.024502198612513317
id12207,0.08698821022954793,0.5084926543074507,0.40451913546299934
id05665,0.14981788916692607,0.003054877360369163,0.8471272334727029
id01911,0.9052199142111165,0.08462370970106639,0.010156376087817671
id19153,0.02927901374431042,0.012635961526248496,0.9580850247294407
id10295,0.8344558704249575,0.11965985754136545,0.045884272033676315
id23038,0.7737494225157926,0.19222854475546966,0.03402203272873719
id23783,0.33869011307131186,0.6571426915808715,0.004167195347815964
id27879,0.9438367280642732,0.03154181228276887,0.02462145965295481
id19190,0.004360421005138904,0.9950952845044723,0.0005442944903879271
id05065,0.9749066206584261,0.021036210624154405,0.004057168717420095
id21296,0.0846997575696191,0.8680946463967681,0.04720559603361164
id13262,0.20501709920374594,0.2609894923125848,0.5339934084836689
id10333,0.9639786491689868,0.016678337157848826,0.01934301367316769
id16677,0.16809963040420528,0.5534013069931322,0.27849906260266255
id01392,0.5460084314292277,0.020616824813938388,0.43337474375683316
id27874,0.6457048989215763,0.2712038329589494,0.08309126811947364
id02294,0.0007770564940721215,0.9974002238660261,0.0018227196399025795
id18298,0.008445518108445252,0.08892513369618257,0.902629348195371
id06997,0.9311379208872361,0.010460906324684476,0.058401172788077396
id05243,0.42839740687791644,0.336549471462977,0.23505312165910652
id00860,0.024068287254084306,0.9458394176756271,0.030092295070285813
id26681,0.9987452825733726,0.0010789840338165187,0.000175733392809614
id06020,2.5848972201806875e-06,3.549512353492851e-08,0.9999973796076573
id27683,0.5865276875508749,0.061751799887227635,0.3517205125618985
id17655,0.023212625456993045,0.9757605314891928,0.0010268430538160906
id08817,0.039403984866823706,0.017951973107629457,0.9426440420255457
id11512,0.013667374415986252,0.004198849517587223,0.9821337760664289
id00478,0.18606524068151387,0.024148265067222938,0.7897864942512618
id02116,0.9090431760875595,0.0444693981201528,0.04648742579228584
id06746,0.977019038087507,0.0190477281762589,0.003933233736234916
id03863,0.5920656262459942,0.3182206312686912,0.08971374248531444
id01802,0.31713711437579817,0.6392700516363765,0.04359283398782696
id11682,0.8909644258281626,0.005156749832319025,0.10387882433952077
id04033,0.06596588028322391,0.49977210109873593,0.4342620186180372
id09286,0.11249306333001163,0.6188317265504893,0.26867521011950246
id12904,0.9964890689565411,0.003410607412121099,0.00010032363134060449
id07420,6.2549020560289345e-06,9.9412386963111e-06,0.9999838038592441
id22398,0.001333459672811114,0.9950388192323059,0.0036277210948846917
id00424,0.18490827386205877,0.19167650702986758,0.623415219108073
id20960,0.910977922161656,0.056866256408540296,0.03215582142980382
id10267,0.478937529694652,0.4368853607514552,0.0841771095538931
id19330,0.3306516579291798,0.0664814360492386,0.6028669060215831
id00994,0.0058115085624499945,0.9911349801429298,0.003053511294617037
id10785,0.8763907248900533,0.031655529017238095,0.09195374609270698
id00955,0.03827096982526545,0.9366584682454036,0.025070561929331416
id09757,0.0429175664523873,0.9534081995708625,0.003674233976751642
id10030,0.14156545148415733,0.060062645184162,0.7983719033316823
id22952,0.13790096438728744,0.46517862103409524,0.39692041457861804
id21955,8.223807581787602e-07,1.8158286156043362e-06,0.9999973617906248
id07674,0.8913518018043125,0.020682701763509143,0.08796549643217887
id13760,0.02292332191760628,0.975389782588421,0.0016868954939695266
id18166,0.7923478832078891,0.0564446935111635,0.15120742328094472
id23498,0.9702795819405851,0.026589611926765813,0.003130806132649432
id05296,0.9964307006605126,0.0005132490346644091,0.003056050304823628
id26709,0.94747282846674,0.01638958072600511,0.03613759080725329
id02853,0.9504324579410485,0.032927070016883074,0.01664047204206787
id06800,0.34679752625336147,0.20614270838113077,0.44705976536550873
id14758,0.10677416426568649,0.8451150772406686,0.04811075849364343
id12356,0.9307519011054165,0.06016518237262004,0.009082916521962308
id21492,0.8599856404583708,0.08829933822817605,0.051715021313453194
id27540,0.40124818928347816,0.005657971509595931,0.5930938392069276
id07376,0.3791288621238984,0.4757865965836675,0.14508454129243464
id15201,0.6612743010510022,0.3142571860202179,0.02446851292877837
id23388,0.03447952639244262,0.9487806670447916,0.01673980656276392
id13923,0.035088148269494496,0.9539663116669286,0.010945540063576011
id00794,0.02131690598057681,0.9711489919360814,0.007534102083339667
id23910,0.2049270360094175,0.1270179972669693,0.6680549667236148
id02556,0.049598081555636414,0.8688089572557308,0.0815929611886331
id22151,0.008303952031979138,0.9893662536392481,0.002329794328775565
id11698,0.6375075180451072,0.21771783733857408,0.1447746446163198
id11627,0.3465095224562595,0.22969247754220637,0.42379800000153417
id06340,0.9983338560179402,0.00044755885951643483,0.0012185851225419823
id05123,0.8995714958179457,0.04704400301695666,0.05338450116509633
id26620,0.015997139034684513,0.010317786971913505,0.9736850739933989
id04002,0.14048114079304963,0.281048090884559,0.5784707683223909
id26554,0.7493695367349212,0.09963260340508448,0.15099785985999284
id18012,0.15769995273935494,0.06815835383024015,0.7741416934304037
id12964,0.1553052667231704,0.06998334826684688,0.7747113850099829
id18965,0.029474270399925246,0.9121450505330055,0.05838067906707261
id19082,0.0815919650436897,0.059695622669552306,0.8587124122867611
id26742,0.004690835649226376,0.0009106266189523101,0.9943985377318236
id15442,0.024255921910119868,0.9271386593966269,0.04860541869325325
id16647,0.35429582475392524,0.20375396350930522,0.44195021173677046
id11544,0.39424127581415425,0.05438423059082767,0.5513744935950184
id20581,0.36542545889988903,0.04180073214372036,0.5927738089563911
id13192,0.26172746520051193,0.5017462738998804,0.23652626089960785
id15814,0.360479922942113,0.08833618455678743,0.5511838925010978
id26279,0.0410428162517725,0.9561487759015017,0.0028084078467263793
id00240,0.9235560834312012,0.04076248694857109,0.035681429620227294
id22836,0.9928293472858206,0.006060723132588869,0.0011099295815920284
id15085,0.17994881508646488,0.47124887994629244,0.3488023049672419
id17495,0.3662979456051521,0.0165066063041092,0.6171954480907387
id26762,0.18683343423670892,0.46763897096096396,0.3455275948023277
id13685,0.9981565480577552,0.00023278685229622642,0.0016106650899479994
id16560,0.040512205148009,0.924414157741092,0.03507363711089542
id17184,0.002012170281477942,0.9961932434004179,0.0017945863181047152
id21635,0.9952561318297019,0.0020394370487875828,0.002704431121509704
id26751,0.2359429069493124,0.6068226963628902,0.1572343966877982
id12351,0.9275446703023875,0.029555440452956924,0.04289988924465878
id14872,0.548643031158062,0.38686574102188875,0.0644912278200505
id18372,0.9361005020398088,0.05324899055726504,0.010650507402927521
id26851,0.4671964350926241,0.2577113994916205,0.2750921654157538
id22659,0.1511127562051379,0.8409173594917375,0.007969884303121235
id04102,5.127426369936293e-06,9.141630856443627e-07,0.9999939584105457
id02353,0.15812894742980765,0.7330449227553876,0.10882612981480234
id26721,0.9702630841376951,0.025791840800744852,0.003945075061559097
id11171,0.8965998054104053,0.06797462673661943,0.035425567852974564
id13562,0.8701515654699714,0.08666968302034325,0.043178751509686183
id26425,0.4601838020034545,0.14121298548332403,0.3986032125132208
id26394,0.5352916473754123,0.20079510672176334,0.2639132459028246
id22187,0.09362245449299209,0.8636277993950888,0.04274974611191948
id00422,0.9564020682501444,0.003763486755905467,0.03983444499394693
id22667,0.0007740807677239439,0.9991416458967,8.427333557620482e-05
id00911,0.8938382310258285,0.057845685882836964,0.048316083091334276
id17291,0.5477161336665448,0.04132826165136219,0.41095560468209175
id01915,0.45704803372197256,0.23506176952577407,0.30789019675225654
id01434,0.036521416728262694,0.0075664379630805845,0.9559121453086579
id01584,0.8580931888560533,0.03211195235430406,0.10979485878964323
id09266,0.9761175091878296,0.019335531179039335,0.004546959633131211
id17494,0.004408801764521466,0.9931008618802882,0.0024903363551891378
id24919,0.16311062361617015,0.30050333912583754,0.5363860372579922
id21043,0.12932928075432204,0.0015952603317679016,0.8690754589139135
id17796,0.032196225768892715,0.9565573673619622,0.011246406869145159
id02166,0.5584888693528688,0.09029051471924154,0.3512206159278922
id17503,0.9304124941994175,0.013182752502796971,0.056404753297787484
id21203,0.4011974886178646,0.20446544413236561,0.3943370672497702
id25626,0.9981905935360043,0.0006872691771312564,0.0011221372868611445
id09836,0.9908376239972838,0.002845199909006013,0.006317176093710039
id24202,0.051033969952309126,0.08033931401169662,0.8686267160359932
id27260,0.41491653363849323,0.2424860641173368,0.34259740224417157
id23167,0.015854619390810325,0.0013831854851479204,0.9827621951240391
id10393,0.0039019475639098357,0.9943928007728137,0.0017052516632757616
id01171,0.9532697771684847,0.04235950517777537,0.004370717653742713
id06380,0.929424708861762,0.034709986065227946,0.03586530507301043
id22686,0.2006283729574223,0.009230578066503323,0.7901410489760735
id26250,0.2435127224208574,0.04971045175553371,0.706776825823608
id09315,0.3416724830869087,0.4918646253293154,0.1664628915837773
id00886,0.061658085828949716,0.778736918756997,0.15960499541405224
id03101,0.5214913527837757,0.25020427470432927,0.22830437251189373
id12367,0.6156446862496628,0.08276285603210791,0.30159245771822774
id10770,0.5433282577322637,0.09915207487157093,0.3575196673961647
id14949,0.008841467152134186,0.986230895274486,0.004927637573382068
id14141,0.3030526712663178,0.6254101138596325,0.07153721487405303
id25417,0.18938665019845297,0.5622208729335241,0.24839247686802285
id26873,0.3892814259330198,0.11594860586337304,0.4947699682036107
id10818,0.6597781295613596,0.050627470909013726,0.28959439952962646
id15146,0.6193859151727876,0.11997134216651609,0.2606427426606977
id23328,0.779213797459019,0.06650660525620987,0.15427959728476986
id16765,0.36750060956496994,0.4958384106299676,0.1366609798050592
id24383,0.9527721286400535,0.03198043461302014,0.015247436746926626
id21304,0.6612290376678946,0.060624369580470946,0.27814659275163106
id12551,0.038702910253883255,0.9576934166588543,0.003603673087260811
id23274,0.09408101970247283,0.04650361618175023,0.8594153641157763
id08117,0.40669513060067575,0.08967400152145105,0.5036308678778734
id23961,0.977997418270428,0.01245865764939666,0.009543924080176163
id13865,0.008832269759421031,0.9769743440139408,0.014193386226640271
id22807,0.35097312698339944,0.05123820611798901,0.5977886668986103
id08951,0.1641820099147564,0.19986438655604694,0.6359536035291966
id18684,0.9816568196218823,0.014646434233157304,0.003696746144960109
id25179,0.27372728766703525,0.418238401265293,0.30803431106767193
id27033,0.8835325310390658,0.0127939411668538,0.10367352779407935
id13977,0.26072050417575354,0.6508875552378702,0.08839194058637663
id19337,0.002513113183517081,0.9757057236066162,0.02178116320986336
id25764,0.04951865400964181,0.8345764027787346,0.11590494321162045
id16106,0.10338942059656636,0.03745415065802223,0.8591564287454122
id05468,0.010716858810764842,0.004403680389168133,0.9848794608000673
id05241,0.8915278456269397,0.01746728697832347,0.09100486739473604
id10215,0.32420415393156693,0.4344520369106218,0.2413438091578116
id23457,0.006887887479153532,0.009634764711021543,0.9834773478098257
